0 599 1
1 305 1
2 473 1
3 270 1
3 660 1
4 560 1
5 472 1
6 551 1
7 121 1
8 97 1
8 324 1
9 597 1
10 597 1
11 48 1
11 443 1
12 26 1
13 75 1
14 273 1
15 289 1
16 551 1
16 702 1
17 56 1
18 645 1
19 19 1
20 468 1
21 226 1
22 646 1
23 599 1
24 726 1
25 165 1
26 311 1
27 719 1
28 547 1
29 9 1
30 275 1
31 670 1
32 506 1
33 48 1
34 736 1
35 58 1
35 275 1
36 31 1
37 681 1
38 517 1
39 653 1
40 169 1
41 736 1
42 87 1
43 477 1
44 275 1
44 460 1
45 286 1
45 442 1
46 475 1
47 560 1
48 166 1
49 215 1
50 487 1
51 315 1
52 395 1
53 517 1
54 107 1
55 245 1
56 473 1
57 567 1
57 597 1
58 695 1
59 267 1
60 269 1
61 592 1
61 694 1
62 337 1
62 357 1
63 360 1
64 735 1
65 719 1
66 275 1
67 86 1
68 503 1
69 647 1
70 721 1
71 402 1
72 293 1
72 633 1
73 432 1
73 689 1
74 416 1
75 346 1
75 597 1
76 129 1
77 416 1
78 385 1
79 444 1
80 355 1
80 566 1
81 208 1
82 569 1
83 130 1
84 541 1
84 641 1
85 731 1
86 461 1
87 597 1
87 725 1
88 401 1
89 636 1
89 710 1
90 252 1
90 454 1
91 376 1
92 217 1
93 529 1
94 435 1
95 186 1
96 338 1
97 714 1
98 80 1
99 311 1
100 89 1
100 400 1
101 363 1
102 341 1
102 497 1
103 653 1
104 551 1
105 257 1
106 561 1
107 657 1
108 181 1
108 735 1
109 160 1
110 38 1
110 173 1
111 100 1
111 506 1
112 34 1
113 124 1
114 300 1
115 517 1
116 163 1
116 337 1
117 339 1
117 548 1
118 58 1
118 275 1
119 417 1
119 606 1
120 332 1
121 473 1
122 38 1
123 86 1
124 437 1
125 114 1
126 265 1
127 218 1
127 270 1
128 81 1
128 620 1
129 562 1
129 701 1
130 330 1
131 569 1
132 586 1
133 303 1
134 685 1
135 176 1
136 421 1
136 578 1
137 221 1
137 460 1
138 724 1
139 78 1
139 383 1
140 367 1
141 492 1
142 397 1
143 289 1
143 570 1
144 238 1
145 555 1
146 624 1
147 328 1
147 649 1
148 366 1
149 140 1
150 221 1
151 677 1
151 704 1
152 559 1
153 454 1
154 268 1
155 543 1
155 623 1
156 482 1
157 315 1
158 275 1
159 567 1
159 597 1
160 396 1
161 408 1
162 538 1
162 686 1
163 461 1
163 631 1
164 243 1
165 622 1
166 365 1
167 294 1
168 129 1
169 285 1
170 719 1
171 153 1
172 700 1
173 47 1
173 424 1
174 597 1
174 725 1
175 673 1
176 726 1
177 198 1
178 307 1
179 722 1
180 89 1
180 481 1
181 275 1
181 381 1
182 355 1
182 566 1
183 46 1
184 252 1
185 637 1
186 275 1
187 296 1
187 505 1
188 294 1
189 716 1
190 146 1
191 593 1
191 623 1
192 275 1
193 125 1
194 716 1
195 566 1
196 457 1
197 185 1
198 10 1
199 382 1
199 714 1
200 380 1
201 294 1
202 260 1
203 297 1
203 691 1
204 597 1
205 456 1
206 101 1
207 275 1
208 305 1
209 275 1
210 32 1
211 155 1
212 615 1
213 205 1
214 707 1
215 275 1
216 239 1
217 52 1
217 365 1
218 310 1
219 119 1
220 324 1
220 529 1
221 53 1
222 265 1
222 460 1
223 320 1
224 405 1
225 506 1
226 524 1
227 531 1
228 494 1
229 483 1
230 262 1
230 446 1
231 5 1
232 15 1
233 431 1
234 569 1
235 124 1
236 110 1
237 536 1
238 98 1
239 400 1
240 485 1
241 603 1
242 155 1
243 315 1
243 668 1
244 150 1
245 462 1
246 263 1
247 370 1
247 470 1
248 51 1
249 219 1
250 412 1
251 693 1
252 109 1
253 18 1
254 736 1
255 597 1
256 188 1
257 253 1
258 418 1
259 124 1
260 171 1
261 539 1
262 12 1
263 8 1
264 169 1
265 222 1
266 25 1
266 682 1
267 222 1
268 226 1
269 607 1
270 517 1
271 258 1
271 379 1
272 84 1
273 330 1
274 684 1
275 182 1
276 67 1
277 530 1
278 175 1
279 658 1
280 380 1
281 284 1
282 275 1
283 712 1
284 208 1
284 218 1
285 173 1
286 487 1
286 659 1
287 489 1
288 614 1
289 252 1
290 18 1
291 472 1
292 66 1
292 433 1
293 391 1
293 514 1
294 379 1
295 404 1
295 520 1
296 70 1
297 251 1
298 105 1
299 145 1
299 484 1
300 502 1
301 465 1
301 608 1
302 181 1
303 728 1
304 354 1
305 663 1
306 728 1
307 675 1
308 316 1
309 196 1
310 173 1
311 597 1
312 185 1
313 111 1
314 185 1
315 473 1
316 72 1
317 542 1
318 659 1
319 403 1
320 250 1
321 208 1
321 255 1
322 616 1
323 269 1
324 204 1
324 432 1
325 453 1
326 515 1
327 124 1
328 474 1
329 587 1
330 10 1
331 21 1
332 230 1
333 391 1
334 222 1
334 639 1
335 127 1
335 510 1
336 12 1
337 315 1
338 526 1
338 718 1
339 207 1
340 411 1
341 271 1
341 619 1
342 323 1
343 537 1
344 288 1
344 656 1
345 158 1
346 189 1
346 679 1
347 536 1
348 27 1
349 61 1
350 339 1
351 226 1
352 557 1
353 719 1
354 605 1
355 591 1
356 703 1
357 130 1
358 190 1
358 741 1
359 407 1
359 585 1
360 197 1
361 23 1
361 65 1
362 315 1
362 668 1
363 417 1
364 315 1
365 464 1
366 484 1
367 733 1
368 355 1
369 683 1
370 719 1
371 673 1
372 314 1
373 368 1
374 474 1
375 451 1
376 612 1
377 243 1
378 107 1
379 709 1
380 451 1
381 130 1
382 376 1
383 637 1
384 99 1
385 473 1
386 332 1
387 111 1
388 315 1
389 517 1
390 343 1
390 426 1
391 221 1
391 381 1
392 320 1
393 402 1
394 733 1
395 199 1
395 200 1
396 107 1
396 556 1
397 549 1
398 136 1
398 197 1
399 296 1
400 597 1
401 152 1
402 425 1
403 516 1
404 621 1
405 688 1
406 319 1
407 11 1
407 74 1
408 164 1
409 26 1
410 707 1
411 301 1
412 489 1
413 529 1
414 455 1
415 296 1
416 36 1
416 51 1
417 41 1
418 564 1
419 51 1
420 360 1
421 64 1
422 3 1
423 158 1
424 60 1
424 590 1
425 697 1
426 392 1
427 380 1
427 435 1
428 399 1
429 49 1
430 724 1
431 727 1
432 362 1
433 351 1
433 595 1
434 32 1
434 241 1
435 345 1
436 183 1
437 275 1
438 12 1
439 672 1
440 516 1
441 726 1
442 350 1
442 594 1
443 576 1
444 498 1
445 659 1
445 699 1
446 452 1
447 167 1
448 335 1
449 473 1
449 505 1
450 403 1
450 581 1
451 450 1
452 410 1
453 41 1
453 87 1
454 413 1
454 687 1
455 89 1
455 377 1
456 19 1
457 162 1
457 739 1
458 630 1
459 618 1
460 3 1
461 44 1
462 59 1
462 327 1
463 299 1
464 309 1
465 253 1
465 625 1
466 122 1
467 503 1
468 132 1
468 708 1
469 47 1
469 424 1
470 597 1
471 24 1
472 289 1
473 253 1
474 272 1
475 311 1
476 95 1
477 684 1
477 692 1
478 340 1
478 514 1
479 706 1
480 615 1
481 740 1
482 244 1
482 648 1
483 241 1
484 724 1
485 13 1
485 564 1
486 19 1
487 455 1
488 275 1
489 393 1
490 275 1
491 30 1
491 282 1
492 98 1
493 315 1
494 208 1
494 722 1
495 45 1
495 405 1
496 246 1
497 46 1
498 143 1
499 168 1
499 239 1
500 360 1
501 554 1
502 516 1
503 121 1
504 575 1
505 316 1
506 57 1
507 418 1
508 49 1
509 6 1
510 499 1
511 597 1
511 725 1
512 412 1
513 22 1
513 209 1
514 285 1
515 706 1
516 118 1
516 479 1
517 250 1
518 450 1
519 192 1
519 546 1
520 270 1
521 507 1
522 440 1
523 42 1
524 250 1
525 193 1
526 326 1
527 112 1
528 382 1
529 597 1
530 184 1
530 275 1
531 499 1
532 260 1
532 555 1
533 129 1
534 161 1
534 372 1
535 617 1
536 230 1
537 559 1
538 331 1
539 210 1
540 495 1
541 46 1
542 363 1
543 275 1
544 557 1
545 678 1
546 26 1
547 275 1
548 665 1
549 299 1
550 254 1
551 530 1
552 354 1
553 707 1
554 517 1
555 128 1
556 740 1
557 19 1
558 661 1
559 318 1
559 523 1
560 281 1
560 312 1
561 185 1
562 740 1
563 642 1
564 42 1
565 583 1
566 213 1
567 644 1
568 275 1
569 459 1
570 71 1
570 143 1
571 602 1
572 735 1
573 339 1
574 646 1
575 665 1
576 72 1
577 67 1
578 377 1
579 420 1
580 408 1
581 303 1
582 688 1
583 185 1
584 208 1
584 646 1
585 44 1
586 715 1
587 646 1
588 521 1
589 47 1
589 424 1
590 597 1
591 32 1
591 285 1
592 187 1
593 588 1
594 162 1
595 161 1
596 724 1
597 600 1
598 127 1
598 510 1
599 11 1
599 74 1
600 27 1
600 223 1
601 147 1
601 438 1
602 462 1
603 412 1
604 0 1
604 196 1
605 289 1
606 632 1
607 151 1
608 454 1
609 526 1
610 308 1
610 338 1
610 430 1
611 403 1
612 6 1
612 7 1
613 134 1
613 175 1
614 124 1
615 89 1
616 614 1
617 114 1
617 275 1
617 303 1
618 262 1
619 54 1
619 651 1
620 580 1
620 622 1
621 412 1
622 119 1
623 429 1
624 180 1
625 116 1
626 252 1
627 391 1
628 490 1
629 374 1
629 741 1
630 673 1
631 672 1
632 284 1
632 357 1
633 387 1
634 681 1
635 250 1
636 100 1
637 395 1
638 356 1
638 712 1
639 365 1
640 289 1
641 504 1
642 437 1
643 395 1
644 313 1
644 714 1
645 49 1
645 335 1
646 170 1
646 500 1
647 70 1
648 9 1
648 723 1
649 201 1
649 386 1
650 269 1
651 69 1
651 249 1
651 398 1
652 655 1
653 83 1
654 159 1
655 68 1
656 626 1
657 49 1
658 466 1
659 390 1
660 139 1
660 231 1
660 431 1
661 195 1
662 691 1
663 705 1
664 104 1
664 108 1
664 633 1
665 697 1
666 609 1
667 419 1
668 28 1
669 347 1
670 597 1
671 719 1
672 271 1
673 392 1
673 501 1
673 718 1
674 209 1
674 545 1
674 597 1
675 481 1
675 496 1
676 629 1
676 683 1
677 513 1
678 323 1
678 643 1
679 6 1
679 59 1
680 535 1
680 542 1
680 615 1
681 158 1
681 597 1
682 62 1
683 328 1
684 157 1
684 463 1
685 46 1
686 79 1
687 696 1
688 419 1
689 458 1
690 524 1
691 411 1
692 107 1
692 587 1
693 688 1
694 429 1
695 82 1
695 123 1
695 551 1
696 275 1
697 688 1
698 175 1
699 175 1
700 159 1
700 737 1
701 226 1
701 464 1
702 473 1
702 670 1
703 194 1
703 240 1
703 667 1
704 346 1
704 423 1
704 597 1
705 16 1
705 61 1
705 373 1
706 443 1
707 584 1
708 160 1
708 699 1
709 601 1
710 298 1
711 66 1
711 433 1
712 275 1
712 296 1
712 397 1
713 420 1
714 597 1
715 5 1
716 125 1
717 169 1
717 598 1
717 638 1
718 461 1
719 229 1
720 518 1
721 195 1
721 527 1
722 606 1
723 40 1
723 467 1
724 372 1
725 170 1
725 500 1
726 270 1
727 680 1
728 308 1
728 719 1
729 376 1
729 422 1
730 394 1
731 396 1
732 184 1
732 275 1
733 483 1
733 693 1
734 586 1
734 690 1
735 616 1
736 42 1
737 322 1
738 174 1
738 692 1
739 388 1
739 685 1
740 221 1
741 389 1
741 711 1
741 714 1
742 56 1
742 283 1
742 382 1
743 492 1
743 650 1
744 505 1
744 556 1
744 611 1
745 553 1
745 645 1
746 608 1
746 670 1
747 81 1
747 427 1
748 124 1
748 341 1
749 472 1
750 716 1
751 149 1
751 716 1
752 352 1
753 276 1
754 586 1
755 452 1
756 382 1
756 597 1
757 537 1
758 409 1
758 652 1
759 275 1
759 556 1
760 160 1
761 559 1
762 673 1
762 677 1
763 529 1
764 275 1
765 363 1
766 559 1
767 398 1
768 271 1
768 619 1
769 33 1
769 191 1
769 391 1
770 582 1
771 289 1
771 408 1
772 89 1
772 285 1
772 454 1
773 287 1
774 707 1
775 38 1
776 228 1
777 366 1
778 640 1
779 208 1
779 255 1
780 85 1
780 285 1
780 369 1
781 38 1
782 441 1
783 421 1
784 722 1
785 438 1
786 506 1
786 534 1
787 6 1
788 6 1
788 55 1
789 300 1
789 676 1
790 117 1
790 294 1
790 627 1
791 16 1
791 211 1
792 119 1
793 83 1
794 471 1
794 689 1
795 461 1
796 96 1
796 625 1
796 666 1
797 109 1
798 124 1
799 733 1
800 13 1
800 126 1
801 7 1
801 128 1
802 128 1
802 736 1
803 130 1
803 700 1
804 135 1
804 470 1
804 732 1
805 138 1
806 140 1
806 708 1
806 716 1
807 75 1
807 406 1
808 23 1
808 148 1
809 149 1
809 732 1
810 149 1
811 436 1
811 698 1
812 1 1
812 15 1
813 153 1
813 439 1
813 635 1
814 516 1
815 114 1
816 155 1
817 634 1
818 596 1
819 102 1
819 275 1
820 187 1
821 158 1
822 153 1
823 136 1
824 49 1
824 294 1
825 170 1
825 500 1
826 170 1
826 500 1
827 140 1
827 716 1
828 88 1
828 95 1
828 671 1
829 11 1
829 74 1
830 314 1
831 49 1
831 294 1
832 176 1
833 319 1
833 417 1
833 419 1
834 713 1
835 180 1
835 662 1
836 180 1
836 662 1
837 180 1
837 662 1
838 506 1
838 639 1
839 185 1
840 185 1
841 124 1
841 167 1
842 266 1
843 352 1
843 664 1
844 404 1
844 520 1
845 626 1
846 411 1
847 192 1
847 546 1
848 372 1
849 370 1
849 732 1
850 558 1
851 331 1
851 562 1
852 264 1
853 92 1
853 339 1
853 628 1
854 266 1
855 202 1
856 205 1
857 720 1
858 285 1
858 306 1
858 454 1
859 384 1
859 478 1
859 550 1
860 4 1
861 203 1
861 354 1
862 307 1
863 38 1
863 214 1
864 407 1
864 585 1
865 216 1
866 252 1
866 397 1
867 151 1
868 507 1
869 220 1
869 538 1
870 14 1
871 583 1
872 277 1
872 476 1
872 528 1
873 493 1
874 153 1
874 726 1
875 726 1
876 279 1
877 279 1
877 565 1
878 724 1
879 673 1
880 356 1
880 410 1
881 63 1
882 47 1
882 114 1
882 424 1
883 146 1
883 504 1
884 233 1
885 509 1
885 632 1
886 588 1
887 67 1
887 236 1
887 261 1
888 278 1
889 24 1
890 363 1
890 603 1
891 416 1
892 416 1
893 39 1
893 71 1
894 37 1
894 414 1
894 540 1
895 248 1
895 305 1
896 248 1
896 305 1
897 247 1
897 334 1
898 352 1
898 498 1
898 664 1
899 434 1
900 389 1
901 178 1
901 577 1
902 304 1
902 491 1
903 55 1
903 212 1
903 256 1
904 256 1
905 568 1
905 571 1
905 608 1
906 294 1
906 469 1
907 572 1
908 468 1
909 543 1
909 578 1
910 107 1
910 120 1
911 120 1
912 94 1
913 151 1
914 393 1
915 224 1
916 717 1
917 299 1
918 97 1
918 589 1
919 35 1
919 646 1
920 281 1
920 312 1
921 281 1
921 312 1
922 551 1
923 27 1
923 606 1
924 243 1
924 305 1
925 503 1
925 718 1
926 140 1
927 440 1
928 379 1
928 482 1
929 44 1
930 44 1
931 376 1
931 422 1
932 7 1
933 7 1
934 357 1
934 597 1
935 357 1
935 597 1
936 242 1
936 348 1
936 357 1
937 357 1
938 597 1
939 260 1
939 602 1
940 295 1
941 122 1
942 72 1
942 590 1
943 72 1
943 137 1
944 46 1
945 715 1
946 120 1
947 340 1
947 514 1
948 547 1
949 73 1
949 177 1
950 398 1
951 401 1
952 74 1
953 308 1
953 719 1
954 719 1
955 418 1
955 719 1
956 573 1
957 718 1
958 616 1
959 533 1
959 738 1
960 613 1
961 66 1
962 188 1
962 217 1
962 218 1
963 188 1
963 218 1
963 317 1
964 253 1
964 646 1
965 320 1
966 323 1
966 528 1
967 513 1
968 533 1
968 703 1
968 738 1
969 68 1
970 604 1
971 58 1
971 330 1
972 330 1
973 253 1
973 333 1
973 681 1
974 702 1
975 509 1
976 482 1
977 524 1
978 524 1
979 729 1
980 131 1
981 628 1
982 408 1
983 408 1
984 378 1
984 636 1
985 316 1
985 378 1
985 636 1
986 342 1
986 548 1
987 345 1
987 544 1
988 246 1
989 156 1
990 331 1
991 331 1
992 530 1
993 530 1
994 402 1
994 723 1
995 71 1
995 142 1
996 70 1
997 603 1
998 203 1
999 358 1
999 593 1
1000 460 1
1000 575 1
1001 575 1
1002 597 1
1003 29 1
1003 488 1
1003 597 1
1004 597 1
1004 725 1
1005 545 1
1005 597 1
1006 567 1
1006 597 1
1007 17 1
1007 545 1
1007 597 1
1008 90 1
1008 371 1
1009 369 1
1010 409 1
1011 253 1
1011 275 1
1012 366 1
1013 234 1
1013 316 1
1014 296 1
1014 363 1
1014 428 1
1015 125 1
1016 41 1
1016 385 1
1016 579 1
1017 97 1
1017 589 1
1018 368 1
1018 409 1
1018 552 1
1019 76 1
1019 545 1
1020 292 1
1021 379 1
1022 382 1
1023 382 1
1024 214 1
1024 321 1
1025 542 1
1026 126 1
1027 174 1
1027 447 1
1028 77 1
1028 212 1
1029 512 1
1029 717 1
1030 302 1
1030 648 1
1030 730 1
1031 179 1
1032 653 1
1033 290 1
1034 225 1
1034 508 1
1035 155 1
1036 502 1
1037 566 1
1038 266 1
1038 325 1
1038 600 1
1039 391 1
1040 391 1
1041 391 1
1042 439 1
1043 252 1
1043 291 1
1044 2 1
1044 20 1
1044 614 1
1045 105 1
1046 608 1
1046 670 1
1047 162 1
1048 405 1
1048 553 1
1048 645 1
1049 92 1
1049 342 1
1050 144 1
1050 303 1
1051 144 1
1052 141 1
1052 713 1
1053 141 1
1054 246 1
1055 329 1
1056 93 1
1057 147 1
1058 152 1
1058 329 1
1058 669 1
1059 415 1
1060 415 1
1061 497 1
1062 206 1
1062 610 1
1063 417 1
1063 606 1
1064 162 1
1064 448 1
1065 377 1
1066 215 1
1066 275 1
1066 443 1
1067 232 1
1067 429 1
1068 567 1
1069 100 1
1070 344 1
1071 344 1
1072 344 1
1073 437 1
1074 18 1
1075 102 1
1075 527 1
1076 13 1
1076 227 1
1076 435 1
1077 366 1
1078 154 1
1079 693 1
1080 329 1
1080 538 1
1081 724 1
1082 259 1
1082 525 1
1083 685 1
1084 99 1
1085 445 1
1086 445 1
1086 507 1
1086 645 1
1087 32 1
1087 285 1
1087 427 1
1088 375 1
1089 733 1
1090 535 1
1091 642 1
1092 171 1
1092 734 1
1093 172 1
1093 353 1
1094 34 1
1095 328 1
1095 601 1
1096 442 1
1096 705 1
1097 486 1
1097 522 1
1098 450 1
1099 291 1
1100 130 1
1101 130 1
1102 508 1
1103 253 1
1104 253 1
1105 253 1
1106 253 1
1107 81 1
1107 501 1
1108 81 1
1109 515 1
1110 274 1
1111 254 1
1111 464 1
1112 709 1
1113 494 1
1114 68 1
1115 472 1
1116 91 1
1116 444 1
1117 174 1
1118 728 1
1119 519 1
1120 519 1
1121 472 1
1122 64 1
1123 447 1
1124 41 1
1124 87 1
1125 161 1
1126 86 1
1126 133 1
1127 275 1
1127 306 1
1127 427 1
1128 315 1
1129 336 1
1130 336 1
1131 483 1
1132 484 1
1133 484 1
1134 678 1
1135 563 1
1135 629 1
1136 563 1
1136 629 1
1137 563 1
1137 629 1
1138 456 1
1139 106 1
1140 721 1
1141 583 1
1142 12 1
1143 12 1
1144 517 1
1145 51 1
1145 85 1
1145 495 1
1146 736 1
1147 187 1
1148 502 1
1149 245 1
1150 275 1
1151 56 1
1152 56 1
1153 580 1
1154 440 1
1155 467 1
1156 1 1
1157 41 1
1158 143 1
1158 280 1
1159 109 1
1160 109 1
1161 511 1
1161 621 1
1162 621 1
1163 511 1
1163 621 1
1164 511 1
1165 515 1
1166 80 1
1167 499 1
1168 133 1
1169 453 1
1170 106 1
1171 517 1
1171 693 1
1172 517 1
1173 517 1
1174 8 1
1174 517 1
1175 688 1
1176 622 1
1177 310 1
1178 310 1
1179 43 1
1180 514 1
1181 728 1
1182 655 1
1183 517 1
1184 589 1
1185 235 1
1186 275 1
1187 275 1
1188 275 1
1189 554 1
1190 663 1
1190 693 1
1191 11 1
1192 364 1
1193 190 1
1193 741 1
1194 401 1
1195 574 1
1196 103 1
1196 574 1
1197 84 1
1198 434 1
1199 115 1
1200 115 1
1201 115 1
1201 532 1
1202 116 1
1203 573 1
1203 609 1
1204 237 1
1205 5 1
1206 480 1
1206 541 1
1206 641 1
1207 359 1
1208 660 1
1209 319 1
1210 213 1
1210 449 1
1211 85 1
1211 90 1
1212 61 1
1213 78 1
1214 693 1
1215 352 1
1216 222 1
1217 537 1
1218 124 1
1219 297 1
1220 555 1
1221 207 1
1222 43 1
1222 593 1
1222 690 1
1223 113 1
1224 32 1
1224 241 1
1225 349 1
1225 654 1
1226 674 1
1227 674 1
1228 3 1
1229 10 1
1230 338 1
1231 733 1
1232 455 1
1233 397 1
1234 32 1
1235 50 1
1235 116 1
1235 361 1
1236 8 1
