0     7
1     7
2     7
3     7
4     7
5     7
6     7
7     7
8     2
9     1
10     2
11     2
12     7
13     2
14     2
15     2
16     2
17     7
18     7
19     2
20     2
21     1
22     2
23     7
24     8
25     8
26     8
27     7
28     8
29     8
30     2
31     8
32     8
33     2
34     7
35     8
36     8
37     2
38     8
39     8
40     7
41     8
42     8
43     8
44     8
45     8
46     2
47     8
48     8
49     8
50     8
51     7
52     8
53     2
54     8
55     8
56     8
57     8
58     2
59     8
60     8
61     8
62     8
63     7
64     8
65     8
66     2
67     8
68     9
69     8
70     8
71     9
72     8
73     8
74     2
75     2
76     8
77     8
78     8
79     8
80     8
81     9
82     8
83     8
84     8
85     8
86     8
87     7
88     8
89     7
90     8
91     8
92     8
93     8
94     8
95     8
96     8
97     8
98     8
99     8
100     8
101     8
102     8
103     9
104     8
105     8
106     8
107     8
108     8
109     8
110     2
111     2
112     8
113     7
114     2
115     2
116     8
117     8
118     8
119     8
120     8
121     8
122     2
123     8
124     8
125     8
126     2
127     8
128     8
129     8
130     8
131     8
132     7
133     2
134     8
135     8
136     8
137     8
138     8
139     8
140     8
141     2
142     8
143     8
144     8
145     8
146     2
147     8
148     8
149     7
150     8
151     8
152     8
153     2
154     9
155     8
156     8
157     8
158     8
159     8
160     2
161     7
162     2
163     8
164     8
165     8
166     8
167     2
168     8
169     9
170     4
171     8
172     9
173     8
174     8
175     8
176     2
177     8
178     4
179     8
180     7
181     2
182     8
183     8
184     8
185     8
186     4
187     8
188     8
189     8
190     2
191     8
192     8
193     8
194     8
195     8
196     8
197     9
198     2
199     2
200     8
201     8
202     4
203     8
204     8
205     8
206     8
207     7
208     8
209     8
210     8
211     8
212     2
213     8
214     8
215     8
216     8
217     8
218     8
219     8
220     8
221     8
222     8
223     8
224     8
225     8
226     8
227     2
228     8
229     8
230     9
231     8
232     8
233     8
234     8
235     2
236     8
237     8
238     8
239     8
240     8
241     8
242     7
243     8
244     8
245     8
246     8
247     8
248     8
249     8
250     8
251     8
252     8
253     8
254     8
255     8
256     8
257     4
258     8
259     8
260     2
261     8
262     8
263     8
264     8
265     8
266     8
267     8
268     2
269     2
270     8
271     8
272     8
273     8
274     8
275     8
276     8
277     8
278     8
279     8
280     8
281     8
282     8
283     4
284     8
285     8
286     8
287     8
288     8
289     8
290     8
291     8
292     8
293     8
294     8
295     8
296     8
297     8
298     8
299     8
300     8
301     8
302     8
303     8
304     9
305     8
306     8
307     8
308     8
309     8
310     8
311     9
312     4
313     4
314     4
315     3
316     3
317     3
318     3
319     3
320     3
321     3
322     3
323     3
324     3
325     3
326     3
327     3
328     3
329     3
330     3
331     3
332     3
333     3
334     3
335     3
336     3
337     3
338     5
339     3
340     3
341     5
342     5
343     3
344     3
345     3
346     3
347     3
348     3
349     9
350     3
351     3
352     5
353     3
354     3
355     3
356     3
357     4
358     3
359     3
360     3
361     3
362     3
363     3
364     5
365     3
366     3
367     3
368     3
369     4
370     3
371     3
372     4
373     3
374     3
375     3
376     3
377     3
378     4
379     3
380     3
381     3
382     3
383     3
384     3
385     3
386     3
387     4
388     3
389     3
390     3
391     3
392     3
393     3
394     3
395     3
396     3
397     3
398     3
399     4
400     3
401     3
402     3
403     3
404     3
405     3
406     3
407     3
408     3
409     3
410     3
411     3
412     3
413     3
414     3
415     3
416     5
417     3
418     3
419     5
420     3
421     3
422     3
423     3
424     3
425     3
426     3
427     3
428     3
429     3
430     5
431     3
432     3
433     3
434     3
435     3
436     3
437     3
438     3
439     3
440     9
441     3
442     3
443     3
444     3
445     3
446     3
447     3
448     4
449     3
450     3
451     3
452     3
453     3
454     3
455     3
456     3
457     3
458     5
459     3
460     3
461     3
462     3
463     3
464     3
465     3
466     3
467     3
468     3
469     3
470     3
471     3
472     3
473     3
474     3
475     3
476     6
477     6
478     6
479     6
480     6
481     6
482     6
483     6
484     6
485     6
486     6
487     6
488     6
489     6
490     6
491     6
492     6
493     6
494     6
495     6
496     6
497     6
498     6
499     6
500     6
501     6
502     6
503     6
504     6
505     6
506     6
507     6
508     6
509     6
510     6
511     6
512     4
513     6
514     6
515     6
516     6
517     6
518     6
519     6
520     6
521     6
522     6
523     6
524     6
525     6
526     6
527     6
528     6
529     6
530     6
531     6
532     6
533     6
534     6
535     7
536     7
537     7
538     2
539     2
540     2
541     2
542     2
543     2
544     2
545     2
546     2
547     2
548     2
549     7
550     7
551     1
552     2
553     2
554     1
555     2
556     2
557     8
558     8
559     8
560     8
561     8
562     7
563     2
564     1
565     2
566     2
567     2
568     2
569     2
570     2
571     1
572     8
573     2
574     2
575     2
576     1
577     2
578     7
579     8
580     2
581     8
582     2
583     2
584     2
585     7
586     8
587     2
588     8
589     2
590     1
591     8
592     1
593     1
594     7
595     8
596     2
597     2
598     2
599     7
600     2
601     8
602     8
603     2
604     1
605     1
606     9
607     2
608     8
609     2
610     7
611     9
612     8
613     7
614     7
615     2
616     2
617     1
618     8
619     1
620     8
621     2
622     8
623     8
624     2
625     7
626     8
627     7
628     9
629     8
630     2
631     2
632     2
633     1
634     1
635     8
636     8
637     9
638     9
639     8
640     2
641     7
642     4
643     2
644     2
645     4
646     9
647     2
648     2
649     4
650     2
651     1
652     2
653     2
654     2
655     4
656     2
657     2
658     8
659     2
660     8
661     4
662     8
663     2
664     4
665     8
666     4
667     7
668     2
669     2
670     4
671     2
672     8
673     2
674     2
675     8
676     2
677     8
678     2
679     2
680     4
681     4
682     2
683     2
684     4
685     9
686     2
687     2
688     2
689     4
690     9
691     4
692     8
693     8
694     2
695     8
696     2
697     2
698     8
699     2
700     4
701     2
702     2
703     8
704     8
705     8
706     8
707     1
708     4
709     2
710     8
711     2
712     8
713     2
714     2
715     8
716     2
717     2
718     4
719     8
720     2
721     2
722     2
723     4
724     4
725     8
726     7
727     4
728     7
729     8
730     8
731     9
732     8
733     8
734     8
735     8
736     9
737     4
738     8
739     9
740     9
741     4
742     9
743     9
744     4
745     4
746     5
747     3
748     4
749     3
750     3
751     5
752     3
753     4
754     5
755     3
756     3
757     5
758     3
759     4
760     4
761     3
762     4
763     3
764     3
765     5
766     5
767     5
768     4
769     4
770     5
771     4
772     3
773     3
774     5
775     5
776     5
777     5
778     4
779     4
780     5
781     9
782     5
783     4
784     5
785     3
786     9
787     5
788     6
789     5
790     3
791     4
792     3
793     5
794     4
795     3
796     5
797     3
798     5
799     4
800     5
801     5
802     3
803     6
804     5
805     5
806     5
807     3
808     5
809     6
810     5
811     3
812     5
813     4
814     5
815     5
816     5
817     5
818     4
819     5
820     3
821     5
822     3
823     5
824     5
825     3
826     6
827     3
828     4
829     3
830     5
831     3
832     3
833     5
834     5
835     5
836     3
837     5
838     5
839     5
840     3
841     5
842     5
843     3
844     5
845     5
846     4
847     3
848     5
849     5
850     5
851     5
852     3
853     6
854     5
855     6
856     5
857     5
858     6
859     6
860     6
861     4
862     4
863     6
864     6
865     4
866     4
867     4
868     4
869     4
870     6
871     6
872     4
873     6
874     4
875     4
876     4
877     6
878     4
879     7
880     7
881     7
882     7
883     7
884     7
885     7
886     7
887     7
888     7
889     7
890     7
891     7
892     7
893     7
894     7
895     7
896     7
897     7
898     7
899     7
900     7
901     7
902     7
903     7
904     7
905     2
906     2
907     1
908     1
909     1
910     1
911     1
912     1
913     1
914     2
915     1
916     1
917     1
918     1
919     2
920     7
921     2
922     7
923     7
924     7
925     2
926     7
927     2
928     7
929     7
930     1
931     7
932     1
933     7
934     1
935     7
936     2
937     2
938     2
939     1
940     7
941     7
942     2
943     1
944     7
945     1
946     2
947     2
948     2
949     7
950     2
951     1
952     2
953     1
954     7
955     1
956     7
957     1
958     2
959     2
960     1
961     2
962     1
963     7
964     2
965     1
966     1
967     2
968     1
969     2
970     7
971     1
972     2
973     2
974     1
975     1
976     7
977     1
978     7
979     1
980     1
981     2
982     7
983     1
984     7
985     7
986     1
987     1
988     7
989     2
990     7
991     8
992     7
993     7
994     2
995     7
996     7
997     1
998     7
999     2
1000     7
1001     1
1002     7
1003     2
1004     2
1005     1
1006     7
1007     9
1008     7
1009     7
1010     9
1011     2
1012     1
1013     1
1014     2
1015     2
1016     1
1017     7
1018     7
1019     7
1020     1
1021     7
1022     2
1023     7
1024     8
1025     1
1026     1
1027     7
1028     1
1029     1
1030     7
1031     7
1032     7
1033     2
1034     1
1035     1
1036     7
1037     7
1038     2
1039     7
1040     7
1041     2
1042     2
1043     1
1044     2
1045     7
1046     2
1047     2
1048     7
1049     7
1050     7
1051     2
1052     7
1053     7
1054     7
1055     1
1056     7
1057     7
1058     1
1059     1
1060     7
1061     7
1062     7
1063     2
1064     7
1065     7
1066     7
1067     7
1068     7
1069     2
1070     2
1071     2
1072     2
1073     1
1074     7
1075     1
1076     7
1077     1
1078     2
1079     7
1080     4
1081     7
1082     1
1083     2
1084     7
1085     2
1086     4
1087     7
1088     2
1089     1
1090     1
1091     2
1092     1
1093     2
1094     7
1095     7
1096     2
1097     1
1098     7
1099     2
1100     7
1101     7
1102     7
1103     2
1104     2
1105     1
1106     7
1107     1
1108     7
1109     7
1110     1
1111     1
1112     9
1113     1
1114     2
1115     2
1116     7
1117     7
1118     1
1119     7
1120     2
1121     8
1122     8
1123     2
1124     4
1125     2
1126     4
1127     2
1128     7
1129     7
1130     7
1131     7
1132     7
1133     7
1134     7
1135     4
1136     7
1137     7
1138     7
1139     2
1140     4
1141     1
1142     1
1143     8
1144     2
1145     1
1146     1
1147     1
1148     7
1149     7
1150     7
1151     7
1152     7
1153     7
1154     2
1155     7
1156     1
1157     2
1158     2
1159     7
1160     7
1161     1
1162     7
1163     2
1164     1
1165     7
1166     1
1167     7
1168     7
1169     7
1170     7
1171     2
1172     1
1173     7
1174     1
1175     2
1176     2
1177     1
1178     7
1179     7
1180     1
1181     7
1182     7
1183     4
1184     1
1185     7
1186     7
1187     7
1188     7
1189     7
1190     1
1191     7
1192     7
1193     7
1194     9
1195     1
1196     5
1197     5
1198     7
1199     5
1200     1
1201     5
1202     5
1203     5
1204     7
1205     7
1206     5
1207     4
1208     7
1209     1
1210     5
1211     4
1212     5
1213     4
1214     4
1215     5
1216     5
1217     5
1218     5
1219     5
1220     6
1221     6
1222     6
1223     6
1224     5
1225     5
1226     6
1227     6
1228     6
1229     6
1230     6
1231     6
1232     5
1233     6
1234     5
1235     6
1236     6
1237     6
1238     6
1239     5
1240     6
1241     5
1242     6
1243     6
1244     6
1245     5
1246     3
1247     5
1248     6
1249     6
1250     6
1251     6
1252     6
1253     4
1254     5
1255     5
1256     6
1257     6
1258     5
1259     5
1260     6
1261     4
1262     6
1263     7
1264     7
1265     7
1266     7
1267     1
1268     1
1269     1
1270     1
1271     1
1272     7
1273     7
1274     1
1275     1
1276     1
1277     7
1278     7
1279     2
1280     1
1281     1
1282     1
1283     1
1284     1
1285     7
1286     1
1287     7
1288     1
1289     1
1290     2
1291     1
1292     1
1293     1
1294     1
1295     2
1296     1
1297     1
1298     2
1299     1
1300     1
1301     1
1302     7
1303     2
1304     1
1305     1
1306     8
1307     8
1308     1
1309     1
1310     1
1311     1
1312     9
1313     1
1314     9
1315     1
1316     9
1317     1
1318     9
1319     2
1320     1
1321     1
1322     1
1323     1
1324     9
1325     1
1326     9
1327     8
1328     8
1329     2
1330     9
1331     1
1332     1
1333     1
1334     1
1335     9
1336     1
1337     7
1338     7
1339     8
1340     7
1341     2
1342     1
1343     9
1344     8
1345     1
1346     8
1347     1
1348     8
1349     1
1350     1
1351     1
1352     8
1353     1
1354     9
1355     1
1356     1
1357     1
1358     7
1359     9
1360     1
1361     1
1362     1
1363     1
1364     8
1365     1
1366     1
1367     8
1368     2
1369     1
1370     2
1371     8
1372     9
1373     1
1374     1
1375     1
1376     2
1377     1
1378     1
1379     8
1380     1
1381     1
1382     9
1383     7
1384     1
1385     7
1386     8
1387     9
1388     8
1389     9
1390     1
1391     9
1392     9
1393     1
1394     9
1395     2
1396     2
1397     9
1398     1
1399     2
1400     1
1401     9
1402     8
1403     8
1404     8
1405     4
1406     1
1407     1
1408     9
1409     1
1410     8
1411     1
1412     8
1413     2
1414     7
1415     7
1416     1
1417     1
1418     1
1419     2
1420     9
1421     7
1422     8
1423     7
1424     8
1425     1
1426     8
1427     9
1428     1
1429     1
1430     1
1431     4
1432     9
1433     1
1434     7
1435     2
1436     8
1437     8
1438     1
1439     8
1440     1
1441     1
1442     2
1443     8
1444     9
1445     8
1446     7
1447     8
1448     1
1449     8
1450     4
1451     1
1452     8
1453     1
1454     1
1455     9
1456     9
1457     9
1458     1
1459     1
1460     1
1461     4
1462     9
1463     1
1464     7
1465     9
1466     9
1467     1
1468     9
1469     1
1470     3
1471     3
1472     1
1473     7
1474     1
1475     1
1476     1
1477     1
1478     5
1479     1
1480     1
1481     1
1482     1
1483     1
1484     3
1485     3
1486     4
1487     5
1488     1
1489     1
1490     3
1491     1
1492     3
1493     9
1494     3
1495     3
1496     1
1497     4
1498     1
1499     9
1500     9
1501     3
1502     1
1503     1
1504     3
1505     1
1506     1
1507     9
1508     5
1509     9
1510     6
1511     6
1512     3
1513     5
1514     6
1515     6
1516     6
1517     9
1518     3
1519     5
1520     6
1521     9
1522     6
1523     6
1524     9
1525     6
1526     6
1527     3
1528     6
1529     9
1530     4
1531     6
1532     9
1533     6
1534     6
1535     5
1536     6
1537     6
1538     6
1539     6
1540     4
1541     6
1542     5
1543     6
1544     6
1545     4
1546     7
1547     7
1548     7
1549     7
1550     7
1551     2
1552     2
1553     7
1554     2
1555     2
1556     7
1557     2
1558     2
1559     7
1560     2
1561     2
1562     2
1563     2
1564     8
1565     2
1566     1
1567     2
1568     8
1569     8
1570     2
1571     2
1572     8
1573     2
1574     2
1575     2
1576     2
1577     2
1578     2
1579     2
1580     2
1581     2
1582     2
1583     9
1584     2
1585     2
1586     7
1587     9
1588     8
1589     2
1590     2
1591     2
1592     2
1593     9
1594     1
1595     2
1596     2
1597     9
1598     8
1599     2
1600     7
1601     2
1602     2
1603     2
1604     8
1605     2
1606     9
1607     8
1608     2
1609     2
1610     4
1611     2
1612     1
1613     2
1614     2
1615     2
1616     2
1617     9
1618     7
1619     8
1620     9
1621     2
1622     2
1623     2
1624     2
1625     8
1626     8
1627     2
1628     2
1629     7
1630     2
1631     2
1632     2
1633     2
1634     2
1635     2
1636     9
1637     4
1638     4
1639     4
1640     2
1641     4
1642     7
1643     8
1644     1
1645     2
1646     2
1647     2
1648     2
1649     4
1650     2
1651     2
1652     8
1653     2
1654     2
1655     8
1656     2
1657     7
1658     2
1659     2
1660     4
1661     2
1662     7
1663     2
1664     2
1665     9
1666     2
1667     2
1668     4
1669     2
1670     2
1671     2
1672     7
1673     2
1674     2
1675     2
1676     2
1677     2
1678     2
1679     2
1680     2
1681     7
1682     2
1683     2
1684     9
1685     8
1686     8
1687     7
1688     7
1689     7
1690     4
1691     4
1692     7
1693     1
1694     3
1695     5
1696     5
1697     5
1698     5
1699     5
1700     3
1701     3
1702     5
1703     5
1704     5
1705     5
1706     5
1707     5
1708     5
1709     5
1710     5
1711     5
1712     5
1713     5
1714     5
1715     3
1716     5
1717     5
1718     5
1719     5
1720     5
1721     3
1722     5
1723     5
1724     5
1725     5
1726     5
1727     5
1728     5
1729     5
1730     5
1731     5
1732     5
1733     5
1734     5
1735     4
1736     9
1737     5
1738     5
1739     5
1740     5
1741     5
1742     5
1743     5
1744     5
1745     3
1746     5
1747     5
1748     5
1749     5
1750     5
1751     5
1752     5
1753     5
1754     5
1755     5
1756     5
1757     4
1758     5
1759     5
1760     5
1761     5
1762     5
1763     5
1764     5
1765     5
1766     5
1767     5
1768     5
1769     5
1770     5
1771     5
1772     5
1773     5
1774     5
1775     5
1776     5
1777     5
1778     5
1779     5
1780     4
1781     5
1782     5
1783     5
1784     5
1785     5
1786     5
1787     5
1788     5
1789     5
1790     5
1791     5
1792     5
1793     5
1794     5
1795     5
1796     5
1797     5
1798     5
1799     5
1800     5
1801     5
1802     5
1803     5
1804     5
1805     5
1806     5
1807     5
1808     5
1809     5
1810     5
1811     5
1812     4
1813     4
1814     4
1815     4
1816     4
1817     4
1818     4
1819     4
1820     4
1821     7
1822     7
1823     7
1824     7
1825     7
1826     7
1827     7
1828     2
1829     2
1830     7
1831     1
1832     1
1833     7
1834     1
1835     7
1836     9
1837     2
1838     9
1839     1
1840     2
1841     7
1842     9
1843     2
1844     1
1845     9
1846     1
1847     9
1848     9
1849     2
1850     2
1851     7
1852     8
1853     9
1854     2
1855     2
1856     1
1857     9
1858     7
1859     2
1860     9
1861     9
1862     8
1863     9
1864     9
1865     7
1866     1
1867     2
1868     2
1869     2
1870     9
1871     8
1872     7
1873     9
1874     1
1875     7
1876     9
1877     2
1878     9
1879     7
1880     2
1881     9
1882     2
1883     9
1884     7
1885     7
1886     1
1887     2
1888     2
1889     1
1890     9
1891     7
1892     2
1893     9
1894     2
1895     9
1896     7
1897     7
1898     9
1899     7
1900     9
1901     9
1902     7
1903     9
1904     9
1905     9
1906     7
1907     7
1908     7
1909     5
1910     7
1911     5
1912     4
1913     9
1914     5
1915     5
1916     5
1917     5
1918     6
1919     6
1920     9
1921     1
1922     5
1923     5
1924     9
1925     6
1926     5
1927     5
1928     5
1929     6
1930     9
1931     5
1932     3
1933     5
1934     5
1935     9
1936     5
1937     5
1938     6
1939     6
1940     9
1941     3
1942     5
1943     9
1944     6
1945     9
1946     9
1947     9
1948     5
1949     5
1950     6
1951     4
1952     4
1953     4
1954     7
1955     7
1956     8
1957     8
1958     8
1959     8
1960     8
1961     7
1962     2
1963     9
1964     2
1965     8
1966     9
1967     8
1968     9
1969     7
1970     2
1971     8
1972     9
1973     8
1974     2
1975     9
1976     7
1977     7
1978     8
1979     7
1980     4
1981     8
1982     9
1983     2
1984     8
1985     4
1986     2
1987     1
1988     4
1989     9
1990     7
1991     2
1992     8
1993     9
1994     8
1995     4
1996     7
1997     8
1998     8
1999     4
2000     8
2001     8
2002     4
2003     8
2004     4
2005     4
2006     9
2007     3
2008     9
2009     9
2010     5
2011     9
2012     3
2013     3
2014     3
2015     4
2016     3
2017     3
2018     3
2019     5
2020     3
2021     9
2022     5
2023     4
2024     4
2025     5
2026     3
2027     3
2028     4
2029     3
2030     4
2031     3
2032     3
2033     5
2034     3
2035     5
2036     9
2037     3
2038     3
2039     5
2040     3
2041     3
2042     9
2043     5
2044     3
2045     9
2046     6
2047     3
2048     4
2049     3
2050     3
2051     6
2052     4
2053     3
2054     7
2055     2
2056     1
2057     7
2058     7
2059     1
2060     1
2061     1
2062     7
2063     1
2064     7
2065     1
2066     9
2067     1
2068     1
2069     1
2070     1
2071     1
2072     1
2073     8
2074     2
2075     1
2076     1
2077     7
2078     2
2079     1
2080     1
2081     2
2082     2
2083     1
2084     1
2085     2
2086     1
2087     1
2088     2
2089     9
2090     1
2091     9
2092     1
2093     7
2094     9
2095     2
2096     9
2097     1
2098     2
2099     1
2100     2
2101     7
2102     7
2103     1
2104     1
2105     7
2106     1
2107     2
2108     7
2109     8
2110     1
2111     7
2112     1
2113     4
2114     9
2115     9
2116     1
2117     1
2118     7
2119     7
2120     1
2121     9
2122     9
2123     1
2124     7
2125     1
2126     1
2127     7
2128     1
2129     3
2130     9
2131     4
2132     5
2133     9
2134     1
2135     6
2136     5
2137     5
2138     5
2139     1
2140     1
2141     1
2142     1
2143     5
2144     6
2145     6
2146     6
2147     5
2148     6
2149     6
2150     5
2151     6
2152     6
2153     6
2154     6
2155     6
2156     3
2157     6
2158     6
2159     6
2160     5
2161     6
2162     5
2163     3
2164     5
2165     6
2166     5
2167     6
2168     5
2169     5
2170     5
2171     5
2172     4
2173     6
2174     6
2175     6
2176     6
2177     4
2178     4
2179     3
2180     6
2181     6
2182     6
2183     6
2184     6
2185     1
2186     1
2187     1
2188     1
2189     1
2190     1
2191     1
2192     7
2193     1
2194     9
2195     7
2196     1
2197     9
2198     9
2199     7
2200     9
2201     1
2202     1
2203     1
2204     1
2205     1
2206     1
2207     1
2208     7
2209     1
2210     2
2211     1
2212     8
2213     1
2214     1
2215     1
2216     1
2217     1
2218     1
2219     1
2220     1
2221     1
2222     4
2223     1
2224     1
2225     9
2226     8
2227     1
2228     1
2229     1
2230     8
2231     1
2232     1
2233     1
2234     7
2235     1
2236     1
2237     1
2238     1
2239     7
2240     9
2241     9
2242     1
2243     7
2244     1
2245     7
2246     1
2247     1
2248     1
2249     7
2250     1
2251     7
2252     9
2253     1
2254     1
2255     3
2256     1
2257     9
2258     1
2259     1
2260     7
2261     1
2262     1
2263     4
2264     4
2265     9
2266     1
2267     1
2268     1
2269     9
2270     1
2271     1
2272     6
2273     6
2274     6
2275     5
2276     6
2277     6
2278     6
2279     6
2280     6
2281     6
2282     6
2283     6
2284     6
2285     6
2286     9
2287     6
2288     9
2289     6
2290     4
2291     4
2292     4
2293     7
2294     8
2295     7
2296     8
2297     8
2298     2
2299     7
2300     8
2301     8
2302     7
2303     9
2304     9
2305     7
2306     9
2307     7
2308     7
2309     8
2310     7
2311     8
2312     9
2313     9
2314     8
2315     9
2316     9
2317     8
2318     9
2319     9
2320     2
2321     9
2322     7
2323     9
2324     4
2325     9
2326     8
2327     2
2328     9
2329     2
2330     8
2331     2
2332     8
2333     2
2334     4
2335     9
2336     8
2337     2
2338     4
2339     7
2340     9
2341     7
2342     7
2343     9
2344     9
2345     4
2346     4
2347     9
2348     9
2349     4
2350     9
2351     5
2352     4
2353     7
2354     5
2355     9
2356     9
2357     9
2358     3
2359     3
2360     9
2361     9
2362     9
2363     5
2364     9
2365     5
2366     9
2367     6
2368     3
2369     3
2370     6
2371     9
2372     5
2373     5
2374     6
2375     6
2376     9
2377     5
2378     5
2379     6
2380     4
2381     5
2382     9
2383     6
2384     9
2385     9
2386     4
2387     3
2388     3
2389     3
2390     5
2391     5
2392     3
2393     5
2394     5
2395     5
2396     6
2397     5
2398     9
2399     6
2400     3
2401     5
2402     6
2403     5
2404     5
2405     5
2406     6
2407     5
2408     9
2409     4
2410     4
2411     4
2412     4
2413     4
2414     4
2415     4
2416     7
2417     2
2418     7
2419     7
2420     2
2421     7
2422     9
2423     7
2424     8
2425     9
2426     9
2427     8
2428     9
2429     1
2430     9
2431     8
2432     9
2433     7
2434     2
2435     8
2436     7
2437     9
2438     2
2439     9
2440     9
2441     7
2442     8
2443     7
2444     9
2445     9
2446     9
2447     7
2448     4
2449     3
2450     1
2451     6
2452     6
2453     3
2454     6
2455     9
2456     6
2457     6
2458     6
2459     5
2460     5
2461     3
2462     6
2463     3
2464     9
2465     6
2466     6
2467     6
2468     3
2469     5
2470     6
2471     7
2472     7
2473     2
2474     1
2475     9
2476     2
2477     9
2478     9
2479     8
2480     9
2481     8
2482     7
2483     8
2484     2
2485     4
2486     8
2487     8
2488     4
2489     9
2490     2
2491     8
2492     4
2493     8
2494     2
2495     2
2496     8
2497     4
2498     2
2499     8
2500     8
2501     8
2502     4
2503     9
2504     3
2505     3
2506     5
2507     3
2508     4
2509     4
2510     3
2511     4
2512     3
2513     4
2514     4
2515     5
2516     3
2517     3
2518     3
2519     5
2520     4
2521     3
2522     3
2523     3
2524     3
2525     3
2526     3
2527     5
2528     4
2529     5
2530     5
2531     3
2532     3
2533     3
2534     3
2535     3
2536     3
2537     3
2538     3
2539     5
2540     6
2541     6
2542     6
2543     3
2544     3
2545     3
2546     2
2547     1
2548     2
2549     2
2550     2
2551     1
2552     9
2553     2
2554     2
2555     2
2556     7
2557     9
2558     7
2559     1
2560     2
2561     1
2562     7
2563     1
2564     7
2565     1
2566     7
2567     1
2568     7
2569     1
2570     4
2571     7
2572     1
2573     4
2574     2
2575     8
2576     8
2577     7
2578     4
2579     7
2580     3
2581     1
2582     1
2583     9
2584     1
2585     4
2586     5
2587     5
2588     1
2589     3
2590     1
2591     6
2592     4
2593     6
2594     5
2595     9
2596     5
2597     3
2598     9
2599     6
2600     6
2601     6
2602     6
2603     6
2604     3
2605     6
2606     4
2607     6
2608     4
2609     6
2610     4
2611     5
2612     3
2613     1
2614     7
2615     9
2616     2
2617     9
2618     9
2619     8
2620     9
2621     8
2622     9
2623     9
2624     9
2625     9
2626     4
2627     4
2628     4
2629     4
2630     4
2631     9
2632     4
2633     9
2634     4
2635     4
2636     4
2637     9
2638     8
2639     4
2640     9
2641     7
2642     4
2643     9
2644     4
2645     4
2646     8
2647     4
2648     9
2649     8
2650     4
2651     4
2652     4
2653     4
2654     4
2655     4
2656     4
2657     4
2658     4
2659     3
2660     4
2661     9
2662     4
2663     4
2664     4
2665     9
2666     3
2667     4
2668     4
2669     4
2670     9
2671     4
2672     4
2673     3
2674     4
2675     4
2676     4
2677     4
2678     4
2679     4
2680     4
2681     7
2682     1
2683     1
2684     7
2685     7
2686     7
2687     1
2688     9
2689     1
2690     7
2691     1
2692     8
2693     9
2694     7
2695     1
2696     9
2697     1
2698     8
2699     1
2700     1
2701     7
2702     1
2703     7
2704     7
2705     9
2706     4
2707     4
2708     9
2709     3
2710     6
2711     9
2712     6
2713     9
2714     9
2715     3
2716     6
2717     6
2718     9
2719     6
2720     6
2721     6
2722     6
2723     6
2724     6
2725     1
2726     7
2727     1
2728     9
2729     2
2730     2
2731     1
2732     1
2733     4
2734     7
2735     1
2736     1
2737     1
2738     1
2739     1
2740     1
2741     8
2742     7
2743     9
2744     1
2745     9
2746     7
2747     1
2748     1
2749     1
2750     7
2751     1
2752     3
2753     6
2754     1
2755     6
2756     6
2757     6
2758     3
2759     5
2760     5
2761     6
2762     3
2763     3
2764     6
2765     6
2766     6
2767     6
2768     4
2769     6
2770     1
2771     8
2772     8
2773     7
2774     2
2775     8
2776     1
2777     8
2778     2
2779     1
2780     7
2781     7
2782     7
2783     3
2784     5
2785     3
2786     5
2787     1
2788     6
2789     5
2790     3
2791     6
2792     6
2793     1
2794     3
2795     6
2796     6
2797     6
2798     5
2799     6
2800     6
2801     6
2802     6
2803     6
2804     6
2805     6
2806     6
2807     4
2808     6
2809     6
2810     6
2811     4
2812     6
2813     7
2814     1
2815     1
2816     8
2817     7
2818     1
2819     1
2820     8
2821     7
2822     7
2823     7
2824     8
2825     9
2826     7
2827     7
2828     7
2829     7
2830     4
2831     4
2832     3
2833     4
2834     6
2835     6
2836     9
2837     6
2838     4
2839     6
2840     6
2841     6
2842     6
2843     1
2844     8
2845     1
2846     2
2847     9
2848     9
2849     9
2850     9
2851     9
2852     9
2853     9
2854     1
2855     9
2856     9
2857     9
2858     9
2859     8
2860     4
2861     2
2862     1
2863     8
2864     9
2865     8
2866     8
2867     9
2868     9
2869     1
2870     9
2871     9
2872     9
2873     1
2874     9
2875     5
2876     5
2877     3
2878     3
2879     5
2880     9
2881     3
2882     3
2883     3
2884     6
2885     5
2886     5
2887     3
2888     9
2889     9
2890     9
2891     5
2892     9
2893     6
2894     4
2895     4
2896     6
2897     2
2898     2
2899     2
2900     7
2901     2
2902     8
2903     8
2904     8
2905     5
2906     4
2907     5
2908     6
2909     6
2910     6
2911     6
2912     6
2913     6
2914     5
2915     6
2916     6
2917     4
2918     6
2919     6
2920     6
2921     6
2922     6
2923     6
2924     5
2925     6
2926     6
2927     6
2928     6
2929     6
2930     5
2931     6
2932     4
2933     5
2934     6
2935     6
2936     6
2937     4
2938     8
2939     7
2940     2
2941     4
2942     7
2943     3
2944     5
2945     9
2946     9
2947     3
2948     3
2949     9
2950     3
2951     4
2952     5
2953     5
2954     6
2955     4
2956     6
2957     5
2958     9
2959     4
2960     4
2961     5
2962     6
2963     3
2964     5
2965     3
2966     6
2967     5
2968     3
2969     9
2970     6
2971     6
2972     6
2973     6
2974     4
2975     6
2976     4
2977     6
2978     2
2979     2
2980     7
2981     7
2982     8
2983     7
2984     8
2985     8
2986     2
2987     8
2988     2
2989     7
2990     9
2991     8
2992     8
2993     4
2994     5
2995     3
2996     3
2997     3
2998     5
2999     3
3000     3
3001     3
3002     3
3003     5
3004     3
3005     5
3006     5
3007     9
3008     3
3009     3
3010     6
3011     9
3012     6
3013     3
3014     5
3015     3
3016     3
3017     3
3018     3
3019     3
3020     3
3021     3
3022     3
3023     6
3024     6
3025     3
3026     6
3027     9
3028     8
3029     8
3030     7
3031     2
3032     8
3033     8
3034     4
3035     7
3036     7
3037     3
3038     6
3039     3
3040     3
3041     3
3042     5
3043     6
3044     8
3045     2
3046     8
3047     8
3048     2
3049     2
3050     8
3051     9
3052     5
3053     3
3054     3
3055     3
3056     5
3057     4
3058     3
3059     3
3060     3
3061     9
3062     3
3063     3
3064     5
3065     3
3066     3
3067     3
3068     3
3069     3
3070     3
3071     6
3072     6
3073     6
3074     3
3075     4
3076     3
3077     4
3078     1
3079     8
3080     8
3081     8
3082     8
3083     8
3084     5
3085     4
3086     3
3087     9
3088     9
3089     3
3090     6
3091     5
3092     1
3093     7
3094     9
3095     9
3096     9
3097     7
3098     5
3099     1
3100     4
3101     3
3102     6
3103     4
3104     6
3105     6
3106     6
3107     6
3108     7
3109     2
3110     9
3111     7
3112     2
3113     9
3114     7
3115     9
3116     9
3117     9
3118     5
3119     3
3120     9
3121     9
3122     9
3123     3
3124     3
3125     9
3126     5
3127     9
3128     9
3129     9
3130     9
3131     5
3132     9
3133     5
3134     5
3135     9
3136     5
3137     4
3138     9
3139     9
3140     4
3141     4
3142     3
3143     4
3144     4
3145     4
3146     4
3147     1
3148     1
3149     1
3150     9
3151     7
3152     9
3153     9
3154     9
3155     1
3156     9
3157     7
3158     9
3159     5
3160     9
3161     9
3162     6
3163     9
3164     5
3165     9
3166     6
3167     6
3168     6
3169     4
3170     7
3171     7
3172     2
3173     1
3174     4
3175     7
3176     7
3177     5
3178     4
3179     5
3180     6
3181     6
3182     6
3183     6
3184     5
3185     6
3186     9
3187     1
3188     9
3189     8
3190     7
3191     9
3192     7
3193     5
3194     4
3195     9
3196     9
3197     5
3198     3
3199     6
3200     1
3201     5
3202     3
3203     9
3204     3
3205     3
3206     6
3207     3
3208     8
3209     8
3210     4
3211     4
3212     4
3213     3
3214     3
3215     3
3216     3
3217     3
3218     7
3219     8
3220     7
3221     8
3222     1
3223     2
3224     3
3225     7
3226     3
3227     6
3228     6
3229     3
3230     3
3231     6
3232     3
3233     6
3234     6
3235     6
3236     3
3237     6
3238     6
3239     7
3240     4
3241     7
3242     1
3243     2
3244     7
3245     7
3246     1
3247     6
3248     4
3249     6
3250     6
3251     3
3252     5
3253     6
3254     6
3255     6
3256     6
3257     3
3258     6
3259     5
3260     6
3261     6
3262     6
3263     3
3264     6
3265     4
3266     4
3267     9
3268     5
3269     5
3270     4
3271     4
3272     3
3273     5
3274     9
3275     5
3276     4
3277     4
3278     4
3279     4
3280     4
3281     5
3282     5
3283     9
3284     5
3285     5
3286     5
3287     9
3288     4
3289     6
3290     4
3291     9
3292     9
3293     3
3294     6
3295     6
3296     5
3297     9
3298     6
3299     6
3300     5
3301     5
3302     4
3303     7
3304     7
3305     9
3306     5
3307     6
3308     6
3309     5
3310     5
3311     4
3312     1
3313     7
3314     1
3315     1
3316     5
3317     6
3318     6
3319     6
3320     6
3321     9
3322     1
3323     1
3324     4
3325     3
3326     9
3327     9
3328     6
3329     6
3330     6
3331     4
3332     6
3333     4
3334     4
3335     9
3336     9
3337     3
3338     3
3339     3
3340     4
3341     3
3342     3
3343     3
3344     3
3345     3
3346     3
3347     3
3348     3
3349     3
3350     3
3351     3
3352     3
3353     3
3354     6
3355     6
3356     6
3357     6
3358     6
3359     7
3360     7
3361     7
3362     2
3363     9
3364     7
3365     4
3366     7
3367     8
3368     7
3369     4
3370     7
3371     4
3372     9
3373     3
3374     3
3375     3
3376     3
3377     3
3378     9
3379     6
3380     4
3381     3
3382     6
3383     6
3384     6
3385     6
3386     6
3387     6
3388     4
3389     6
3390     6
3391     4
3392     4
3393     4
3394     9
3395     4
3396     4
3397     4
3398     4
3399     4
3400     4
3401     3
3402     4
3403     4
3404     4
3405     9
3406     9
3407     4
3408     8
3409     1
3410     9
3411     3
3412     9
3413     4
3414     5
3415     5
3416     5
3417     4
3418     4
3419     3
3420     3
3421     3
3422     3
3423     3
3424     3
3425     9
3426     9
3427     9
3428     9
3429     9
3430     9
3431     9
3432     9
3433     9
3434     9
3435     9
3436     9
3437     9
3438     9
3439     9
3440     4
3441     6
3442     6
3443     6
3444     9
3445     9
3446     7
3447     9
3448     9
3449     9
3450     9
3451     9
3452     9
3453     9
3454     9
3455     9
3456     9
3457     9
3458     9
3459     9
3460     9
3461     9
3462     9
3463     9
3464     9
3465     9
3466     9
3467     9
3468     9
3469     9
3470     4
3471     4
3472     4
3473     4
3474     4
3475     4
3476     4
3477     4
3478     9
3479     9
3480     5
3481     9
3482     3
3483     4
3484     4
3485     7
3486     4
3487     5
3488     4
3489     5
3490     4
3491     8
3492     7
3493     1
3494     7
3495     6
3496     7
3497     4
3498     4
3499     9
3500     7
3501     9
3502     7
3503     4
3504     5
3505     3
3506     9
3507     6
3508     3
3509     6
3510     3
3511     6
3512     6
3513     6
3514     5
3515     4
3516     9
3517     5
3518     9
3519     9
3520     5
3521     4
3522     4
3523     2
3524     5
3525     5
3526     3
3527     3
3528     6
3529     6
3530     9
3531     5
3532     5
3533     6
3534     4
3535     3
3536     6
3537     5
3538     5
3539     4
3540     6
3541     9
3542     5
3543     4
3544     4
3545     3
3546     3
3547     9
3548     3
3549     6
3550     6
3551     3
3552     3
3553     5
3554     6
3555     4
3556     9
3557     9
3558     9
3559     9
3560     9
3561     9
3562     4
3563     4
3564     5
3565     9
3566     4
3567     4
3568     6
3569     4
3570     9
3571     7
3572     5
3573     6
3574     7
3575     9
3576     6
3577     6
3578     4
3579     9
3580     4
3581     4
3582     9
3583     9
3584     1
3585     4
3586     3
3587     6
3588     6
3589     6
3590     3
3591     6
3592     6
3593     4
3594     9
3595     6
3596     6
3597     6
3598     9
3599     9
3600     9
3601     6
3602     6
3603     4
3604     3
3605     9
3606     6
3607     6
3608     6
3609     4
3610     6
3611     4
3612     6
3613     6
3614     6
3615     6
3616     3
3617     3
3618     1
3619     9
3620     5
3621     5
3622     3
3623     6
3624     4
3625     6
3626     4
3627     4
3628     4
3629     5
3630     6
3631     6
3632     6
3633     3
3634     3
3635     4
3636     6
3637     8
3638     9
3639     6
3640     3
3641     1
3642     6
3643     6
3644     5
3645     5
3646     6
3647     4
3648     4
3649     4
3650     4
3651     4
3652     5
3653     6
3654     3
3655     9
3656     5
3657     4
3658     3
3659     4
3660     6
3661     6
3662     9
3663     4
3664     4
3665     4
3666     9
3667     6
3668     4
3669     4
3670     9
3671     9
3672     6
3673     9
3674     6
3675     5
3676     3
3677     5
3678     4
3679     4
3680     9
3681     4
3682     4
3683     7
3684     4
3685     5
3686     4
3687     4
3688     4
3689     6
3690     5
3691     9
3692     9
3693     6
3694     4
3695     3
3696     4
3697     3
3698     6
3699     9
3700     5
3701     6
3702     3
3703     9
3704     4
3705     6
3706     6
3707     3
3708     5
3709     9
3710     5
3711     4
3712     5
3713     9
3714     4
3715     6
3716     5
3717     4
3718     7
3719     6
3720     5
3721     9
3722     6
3723     5
3724     4
3725     6
3726     6
3727     6
3728     4
3729     4
3730     4
3731     9
3732     5
3733     9
3734     6
3735     9
3736     4
3737     4
3738     4
3739     9
3740     9
3741     6
3742     6
3743     5
3744     4
3745     4
3746     5
3747     6
3748     5
3749     9
3750     4
3751     4
3752     3
3753     9
3754     6
3755     4
3756     4
3757     4
3758     6
3759     4
3760     4
3761     5
3762     4
3763     5
3764     4
3765     6
3766     9
3767     6
3768     4
3769     4
3770     3
3771     4
3772     3
3773     4
3774     4
3775     9
3776     3
3777     6
3778     6
3779     5
3780     6
3781     3
3782     6
3783     4
3784     6
